0 0.687793427230047 0.34375 0.03286384976525822 0.059375
0 0.32511737089201875 0.36015625 0.04929577464788732 0.0765625
0 0.8192488262910798 0.42578125 0.04225352112676056 0.1421875
0 0.7969483568075117 0.3703125 0.03990610328638498 0.0625
0 0.607981220657277 0.3375 0.04225352112676056 0.0625
0 0.8274647887323944 0.37109375 0.02112676056338028 0.0390625
0 0.7265258215962441 0.35 0.03051643192488263 0.059375
0 0.15492957746478872 0.38203125 0.03286384976525822 0.0609375
0 0.4507042253521127 0.34140625 0.07981220657276995 0.0546875
0 0.4612676056338028 0.4609375 0.19953051643192488 0.23125
0 0.6267605633802817 0.3421875 0.028169014084507043 0.053125
0 0.5692488262910798 0.33515625 0.025821596244131457 0.0234375
0 0.653755868544601 0.33046875 0.025821596244131457 0.0328125
0 0.3474178403755869 0.3390625 0.4084507042253521 0.1125