0 0.55625 0.468384074941452 0.328125 0.5667447306791569
0 0.17421875 0.3864168618266979 0.0515625 0.18266978922716628
0 0.23984375 0.36065573770491804 0.0140625 0.08430913348946135
0 0.2015625 0.3758782201405152 0.0375 0.1756440281030445
0 0.6703125 0.2576112412177986 0.0125 0.0468384074941452
0 0.7546875 0.2716627634660422 0.009375 0.02810304449648712
0 0.2015625 0.3747072599531616 0.0375 0.1686182669789227
0 0.315625 0.32669789227166274 0.015625 0.04449648711943794
0 0.28828125 0.3524590163934426 0.0140625 0.02107728337236534
0 0.70859375 0.27049180327868855 0.0078125 0.0117096018735363
0 0.696875 0.26697892271662765 0.009375 0.01405152224824356