0 0.6866197183098591 0.34296875 0.03051643192488263 0.0609375
0 0.33215962441314556 0.36015625 0.035211267605633804 0.0765625
0 0.8192488262910798 0.4390625 0.04225352112676056 0.115625
0 0.7981220657276995 0.3703125 0.03286384976525822 0.0625
0 0.6103286384976526 0.3375 0.03286384976525822 0.0625
0 0.8274647887323944 0.371875 0.02112676056338028 0.0375
0 0.7253521126760564 0.3484375 0.028169014084507043 0.059375
0 0.15492957746478872 0.38203125 0.03286384976525822 0.0609375
0 0.4448356807511737 0.34140625 0.06807511737089202 0.0546875
0 0.4612676056338028 0.45625 0.19953051643192488 0.21875
0 0.6267605633802817 0.3421875 0.028169014084507043 0.053125
0 0.5692488262910798 0.33515625 0.025821596244131457 0.0234375
0 0.653755868544601 0.3296875 0.025821596244131457 0.03125
0 0.34507042253521125 0.3546875 0.3615023474178404 0.096875