0 0.55546875 0.468384074941452 0.3296875 0.5667447306791569
0 0.1671875 0.40046838407494145 0.040625 0.14988290398126464
0 0.23984375 0.36065573770491804 0.0140625 0.08430913348946135
0 0.2015625 0.3758782201405152 0.0375 0.1756440281030445
0 0.66875 0.25878220140515223 0.01875 0.04449648711943794
0 0.7546875 0.27049180327868855 0.009375 0.03044496487119438
0 0.2015625 0.3758782201405152 0.0375 0.1756440281030445
0 0.31640625 0.32786885245901637 0.0140625 0.04215456674473068
0 0.28828125 0.35362997658079626 0.0140625 0.01873536299765808
0 0.70859375 0.2681498829039813 0.0078125 0.0117096018735363
0 0.69609375 0.26697892271662765 0.0140625 0.01405152224824356