0 0.6866197183098591 0.34296875 0.03051643192488263 0.0609375
0 0.32981220657276994 0.359375 0.03990610328638498 0.078125
0 0.8192488262910798 0.425 0.04225352112676056 0.14375
0 0.7969483568075117 0.37109375 0.035211267605633804 0.0640625
0 0.6103286384976526 0.33828125 0.03286384976525822 0.0609375
0 0.8274647887323944 0.371875 0.01643192488262911 0.0375
0 0.7265258215962441 0.34921875 0.03051643192488263 0.0578125
0 0.15492957746478872 0.38203125 0.03286384976525822 0.0609375
0 0.4448356807511737 0.3421875 0.06807511737089202 0.05625
0 0.4612676056338028 0.46171875 0.19953051643192488 0.2296875
0 0.6267605633802817 0.3421875 0.028169014084507043 0.053125
0 0.568075117370892 0.33203125 0.028169014084507043 0.0234375
0 0.653755868544601 0.3296875 0.025821596244131457 0.03125
0 0.3427230046948357 0.33671875 0.37089201877934275 0.1015625