0 0.55625 0.468384074941452 0.33125 0.5667447306791569
0 0.17734375 0.38524590163934425 0.0578125 0.18501170960187355
0 0.2375 0.3594847775175644 0.01875 0.08665105386416862
0 0.2015625 0.3758782201405152 0.0375 0.1756440281030445
0 0.6703125 0.25878220140515223 0.0125 0.04449648711943794
0 0.7546875 0.27049180327868855 0.009375 0.03044496487119438
0 0.2015625 0.3758782201405152 0.0375 0.1756440281030445
0 0.31640625 0.32786885245901637 0.0171875 0.04215456674473068
0 0.28984375 0.3524590163934426 0.0140625 0.02107728337236534
0 0.7078125 0.2681498829039813 0.009375 0.0117096018735363
0 0.6984375 0.2681498829039813 0.0125 0.0117096018735363